# VERSION_SNANA      = v10_76d 
# VERSION_PHOTOMETRY = CfAIR2_SNANA 
# SNANA_VERSION : v10_76d 
# TABLE NAME: FITRES 
# 
VARNAMES:  CID IDSURVEY TYPE FIELD CUTFLAG_SNANA zHEL zHELERR zCMB zCMBERR zHD zHDERR VPEC VPECERR MWEBV HOST_LOGMASS HOST_LOGMASS_ERR HOST_sSFR HOST_sSFR_ERR SNRMAX1 SNRMAX2 SNRMAX3 PKMJD PKMJDERR STRETCH STRETCHERR AV AVERR RV RVERR DLMAG DLMAGERR COV_STRETCH_AV COV_STRETCH_DLMAG COV_AV_DLMAG NDOF FITCHI2 FITPROB 
#
SN: sn2006N 69 0 NULL 1 0.01430 0.00010 0.01430 0.00010 0.01430 0.00010 0 0 8.30000e-02 10.54400 0.43700 -9 -9 111.11317 111.10229 100 106762.508 0.091 0.78624 0.30000 -5.52832e-02 3.59848e-02 3.10000 0 34.24336 1.22445e-02 3.60245e-05 -1.36265e-05 -2.00455e-04 122 4227.29492 0
SN: sn2005bo 69 0 NULL 1 0.01390 0.00010 0.01500 0.00010 0.01500 0.00010 0 0 4.40000e-02 10.35781 0.28089 -9 -9 51.20327 24.75303 -99 106508.570 0.188 1.67419 5.64337e-02 -2.00000e+00 0.35992 3.10000 0 33.86263 1.73746e-02 4.94421e-08 5.21889e-04 -1.17566e-07 20 45.67992 1.40905e-03
SN: sn2005cf 69 0 NULL 1 0.00640 0.00010 0.00700 0.00010 0.00700 0.00010 0 0 8.40000e-02 9.24700 4.06600 -9 -9 166.66667 111.10767 100 106532.547 0.036 2.12174 1.47403e-02 4.44781 3.80537e-02 3.10000 0 30.67786 1.19041e-02 -3.93755e-04 -1.08272e-04 4.09221e-04 140 25590.28125 0
SN: sn2010iw 69 0 NULL 1 0.02150 0.00010 0.02230 0.00010 0.02230 0.00010 0 0 4.70000e-02 10 3 -9 -9 38.27834 14.17780 -99 108502.492 0.022 1.17538 0.30000 -2 0.15691 3.10000 0 34.42793 1.75186e-02 -1.47422e-14 3.83071e-09 -1.86929e-08 28 400.43289 0
SN: sn2004S 69 0 NULL 1 0.00930 0.00010 0.00980 0.00010 0.00980 0.00010 0 0 8.60000e-02 10 3 -9 -9 108.07439 89.97894 -99 106049.641 0.276 1.15692 0.30000 -2 1.39264e-02 3.10000 0 33.00728 1.57842e-02 9.61057e-18 -1.19510e-09 -2.80574e-12 18 1904.13977 0
SN: sn2008gb 69 0 NULL 1 0.03700 0.00010 0.03640 0.00010 0.03640 0.00010 0 0 0.17100 10.26800 4.49500 -9 -9 56.64547 21.41325 18.51855 107782.445 0.102 1.87875 6.71469e-02 2.49189 0.10244 3.10000 0 34.87941 3.58777e-02 1.00147e-04 9.52809e-04 -1.54419e-03 38 118.68912 5.61604e-10
SN: sn2009kq 69 0 NULL 1 0.01170 0.00010 0.01250 0.00010 0.01250 0.00010 0 0 3.50000e-02 10.18600 0.10400 -9 -9 108.07440 69.44462 58.47975 108155.859 0.122 1.06000 1.67254e-02 0.43466 2.94939e-02 3.10000 0 33.13628 1.88383e-02 5.46008e-09 5.83056e-10 -4.10246e-04 63 2548.22900 0
SN: sn2009an 69 0 NULL 1 0.00920 0.00010 0.00960 0.00010 0.00960 0.00010 0 0 1.60000e-02 10.95300 1.70000e-02 -9 -9 89.97894 71.88351 66.66673 107898.828 0.069 0.93538 0.30000 0.88213 1.55249e-02 3.10000 0 32.65173 9.23584e-03 -2.83870e-09 7.46331e-09 -1.03537e-04 123 10451.57031 0
SN: sn2006cp 69 0 NULL 1 0.02230 0.00010 0.02330 0.00010 0.02330 0.00010 0 0 2.30000e-02 10.18300 0.35200 -9 -9 66.69691 66.66666 62.49213 106897.641 0.080 1.09231 1.56641e-02 0.18582 2.54686e-02 3.10000 0 34.81055 2.45664e-02 3.21647e-08 3.08572e-08 -5.36816e-04 46 559.56689 0
SN: sn2007co 69 0 NULL 1 0.02700 0.00010 0.02660 0.00010 0.02660 0.00010 0 0 9.70000e-02 10.36600 3.81800 -9 -9 83.35732 76.93377 66.65395 107263.531 0.109 1.09054 0.30000 2.33308e-02 1.97668e-02 3.10000 0 35.08508 1.29942e-02 -8.56861e-05 4.74679e-05 -6.04851e-05 111 1069.07483 0
SN: sn2011by 69 0 NULL 1 0.00280 0.00010 0.00340 0.00010 0.00340 0.00010 0 0 1.20000e-02 10 3 -9 -9 44.74100 34.52604 -99 108695.188 0.091 1.21692 2.00028e-02 -2 1.04088e-02 3.10000 0 31.70932 1.69308e-02 5.60720e-16 1.97573e-08 -3.50052e-10 51 1279.15161 0
SN: sn2011df 69 0 NULL 1 0.01450 0.00010 0.01400 0.00010 0.01400 0.00010 0 0 0.11200 10 3 -9 -9 216.64792 22.12319 -99 108719.438 0.017 1.21433 1.89204e-02 0.67028 0.20433 3.10000 0 32.88578 4.22909e-02 -1.47371e-04 9.06841e-05 -8.09065e-03 42 1738.13892 0
SN: sn2008hm 69 0 NULL 1 0.01970 0.00010 0.01920 0.00010 0.01920 0.00010 0 0 0.38100 9.90000 4.33900 -9 -9 89.97859 55.55564 53.76360 107807.555 0.229 0.82000 0.30000 3.89112 5.61651e-02 3.10000 0 32.91324 1.85160e-02 -2.61097e-08 1.46232e-08 -8.65485e-04 111 2548.10278 0
SN: sn2001el 69 0 NULL 1 0.00390 0.00010 0.00370 0.00010 0.00370 0.00010 0 0 1.20000e-02 10 3 -9 -9 56.64553 53.78845 -99 105184.164 0.040 1.31294 1.07814e-02 -2.00000e+00 0.20000 3.10000 0 31.06353 9.32079e-03 2.53983e-10 4.66363e-06 -2.16144e-09 38 4817.31104 0
SN: sn2006lf 69 0 NULL 1 0.01320 0.00010 0.01300 0.00010 0.01300 0.00010 0 0 0.82400 10.71700 3.13700 -9 -9 76.90889 71.42857 62.52481 107045.828 0.019 0.80848 0.30000 0.80332 1.17250e-02 3.10000 0 31.97239 1.59065e-02 -1.74276e-06 6.21683e-06 -1.11863e-04 169 5415.28125 0
SN: sn2006D 69 0 NULL 1 0.00850 0.00010 0.00960 0.00010 0.00960 0.00010 0 0 3.90000e-02 9.82400 3.70800 -9 -9 100 90.91428 83.33334 106758.391 0.073 0.81538 0.30000 2.51397 4.58955e-02 3.10000 0 31.86516 2.20304e-02 -2.86001e-08 1.87549e-08 -9.14644e-04 124 6856.55029 0
SN: sn1999ek 69 0 NULL 1 0.01760 0.00010 0.01760 0.00010 0.01760 0.00010 0 0 0.48900 11.35000 3.50000 -9 -9 1085.23438 98.70741 77.55346 104483.109 0.021 0.87999 0.30000 1.44509 1.15789e-02 3.10000 0 32.44853 1.00922e-02 4.33202e-08 -3.47201e-07 -1.74625e-05 154 4591.36230 0
SN: sn2009al 69 0 NULL 1 0.02210 0.00010 0.02330 0.00010 0.02330 0.00010 0 0 2.10000e-02 10.84900 0.47700 -9 -9 59.88019 53.47589 52.08335 107897.289 0.100 0.95978 0.30000 1.06911 2.17058e-02 3.10000 0 33.98944 1.49174e-02 3.43754e-05 2.08778e-06 -2.38660e-04 104 2769.99438 0
SN: sn2009kk 69 0 NULL 1 0.01290 0.00010 0.01240 0.00010 0.01240 0.00010 0 0 0.11800 10.24900 3.44200 -9 -9 68.02718 60.24102 57.80337 108129.977 0.121 0.82270 0.30000 0.30451 2.67255e-02 3.10000 0 33.50206 3.63055e-02 -1.34633e-05 2.09204e-05 -9.21623e-04 67 2757.42432 0
SN: sn2005na 69 0 NULL 1 0.02630 0.00010 0.02680 0.00010 0.02680 0.00010 0 0 6.70000e-02 11.55000 3 -9 -9 76.93746 71.41473 58.81549 106743.383 0.267 0.89846 0.30000 -3.93141e-02 3.41150e-02 3.10000 0 35.09278 1.91540e-02 2.03921e-08 -8.48354e-09 -3.28271e-04 72 1773.05469 0
SN: sn2010dw 69 0 NULL 1 0.03810 0.00010 0.03870 0.00010 0.03870 0.00010 0 0 8.00000e-02 10.62200 4.04700 -9 -9 53.47605 53.47599 50.76125 108358.070 0.137 1.08308 0.30000 0.40190 3.63399e-02 3.10000 0 35.53994 2.05263e-02 -4.40658e-09 6.10530e-09 -2.86934e-04 39 763.46295 0
SN: sn2006ac 69 0 NULL 1 0.02310 0.00010 0.02390 0.00010 0.02390 0.00010 0 0 1.40000e-02 10.98400 9.80000e-02 -9 -9 71.42538 66.66032 58.82645 106782.266 0.051 0.87538 0.30000 0.14997 1.38733e-02 3.10000 0 34.97485 1.33658e-02 5.67002e-09 -3.09857e-09 -1.63618e-04 120 2675.84375 0
SN: sn2007qe 69 0 NULL 1 0.02400 0.00010 0.02280 0.00010 0.02280 0.00010 0 0 3.30000e-02 9.13200 0.37500 -9 -9 76.92741 66.66666 62.51043 107429.344 0.022 1.09220 0.30000 0.22298 1.83178e-02 3.10000 0 34.77705 1.33451e-02 -1.22932e-07 7.61421e-07 -1.57124e-04 110 4556.75977 0
SN: sn2001bt 69 0 NULL 1 0.01460 0.00010 0.01440 0.00010 0.01440 0.00010 0 0 5.60000e-02 10 3 -9 -9 71.88363 53.78823 -99 105065.359 0.040 1.17539 1.69313e-02 -1.78075e+00 0.23836 3.10000 0 33.61067 5.49060e-02 -1.17653e-07 3.72772e-08 -1.27229e-02 30 1637.44592 0
SN: sn2010ai 69 0 NULL 1 0.01840 0.00010 0.01930 0.00010 0.01930 0.00010 0 0 8.00000e-03 9.11400 0.44800 -9 -9 62.89330 54.64487 53.47584 108277.078 0.058 0.93927 0.30000 0.62468 2.10320e-02 3.10000 0 34.59093 1.78357e-02 1.12392e-04 -6.12122e-05 -3.44808e-04 113 2487.81030 0
SN: snf20080514-002 69 0 NULL 1 0.02210 0.00010 0.02310 0.00010 0.02310 0.00010 0 0 2.90000e-02 10 3 -9 -9 19.61038 8.48233 -99 107614.953 0.017 1.17998 0.29221 4.01573 0.89260 3.10000 0 33.08238 0.24981 -5.89583e-04 1.48100e-04 -2.41946e-01 14 52.22723 5.18013e-06
SN: sn2009bv 69 0 NULL 1 0.03660 0.00010 0.03740 0.00010 0.03740 0.00010 0 0 8.00000e-03 10.44000 0.34200 -9 -9 64.51610 63.29110 45.87158 107926.758 0.064 1.01846 0.30000 9.00723e-02 1.86589e-02 3.10000 0 35.92833 2.18212e-02 1.99812e-08 -7.45986e-10 -3.94072e-04 80 2095.33911 0
SN: sn2001cz 69 0 NULL 1 0.01550 0.00010 0.01640 0.00010 0.01640 0.00010 0 0 7.90000e-02 10 3 -9 -9 1085.23657 17.30364 -99 105108.109 0.680 1.25466 2.33378e-02 -2 5.86079e-02 3.10000 0 33.93392 2.83372e-02 3.31551e-10 1.65860e-04 -1.34144e-08 20 527.54553 0
SN: sn2011B 69 0 NULL 1 0.00470 0.00010 0.00470 0.00010 0.00470 0.00010 0 0 2.70000e-02 10 3 -9 -9 135.21776 71.88356 -99 108580.320 0.019 1.17668 1.18008e-02 -2 1.47227e-02 3.10000 0 31.54844 1.12646e-02 7.13055e-13 2.89499e-05 -6.97543e-11 55 2731.92236 0
SN: sn2011ao 69 0 NULL 1 0.01070 0.00010 0.01160 0.00010 0.01160 0.00010 0 0 1.70000e-02 10 3 -9 -9 71.88377 33.43175 -99 108642.023 0.208 1.19385 1.93403e-02 -2 3.40654e-02 3.10000 0 32.96700 1.33749e-02 2.57543e-16 1.22232e-08 -1.41520e-10 40 1358.60193 0
SN: sn2007cq 69 0 NULL 1 0.02600 0.00010 0.02480 0.00010 0.02480 0.00010 0 0 9.30000e-02 10.08500 0.13900 -9 -9 76.94287 71.43167 62.48631 107281.305 0.071 0.96262 0.30000 0.10737 3.05511e-02 3.10000 0 34.73926 1.42379e-02 -3.14512e-05 -1.99898e-06 -7.69894e-05 58 1691.30859 0
SN: sn2010kg 69 0 NULL 1 0.01660 0.00010 0.01640 0.00010 0.01640 0.00010 0 0 0.13400 10 3 -9 -9 71.88357 59.82015 -99 108543.219 0.325 1.17077 0.30000 2.11086 0.28248 3.10000 0 32.66159 6.71057e-02 9.96259e-09 -2.21214e-09 -1.79790e-02 39 401.88016 0
